134,1
134,3
159,1
159,3
145,1
145,3
144,1
144,3
143,1
143,3
142,1
142,3
14,5
133,1
133,3
157,1
157,3
162,1
162,3
165,1
165,3
14,4
0,273
0,270
212,35
3,2
3,1
3,3
10,198
10,292
10,76
10,130
10,98
10,20
10,2
11,4
11,12
11,24
11,10
11,20
9,7
9,4
9,1
9,6
9,2
9,3
8,7
8,5
8,4
8,18
8,12
8,1
8,6
8,2
8,3
0,537
12,2
12,1
12,3
211,5
211,4
211,3
211,2
211,1
211,0
208,3
208,2
208,1
208,0
207,5
207,4
207,3
207,2
207,1
207,0
206,6
206,5
206,4
206,3
206,2
206,1
20,2
206,0
205,6
205,5
205,4
205,3
20,1
205,2
205,1
20,3
205,0
202,4
202,3
202,2
202,1
202,0
201,5
201,4
201,3
201,2
201,1
19,2
201,0
198,3
19,1
198,2
198,1
19,3
198,0
191,5
191,4
191,3
191,2
191,1
191,0
184,3
184,2
184,1
184,0
183,6
183,5
183,4
183,3
183,2
183,1
